image_width: 1280
image_height: 1024
camera_name: head_camera
camera_matrix:
  rows: 3
  cols: 3
  data: [3109.482132835609, 0, 567.0514712160007, 0, 3119.954345010608, 570.0265496841849, 0, 0, 1]
distortion_model: plumb_bob
distortion_coefficients:
  rows: 1
  cols: 5
  data: [-6.117586853758012, 29.03458849901508, -0.01519829443528919, 0.09258480821162816, 0]
rectification_matrix:
  rows: 3
  cols: 3
  data: [1, 0, 0, 0, 1, 0, 0, 0, 1]
projection_matrix:
  rows: 3
  cols: 4
  data: [2229.958740234375, 0, 624.6331480932204, 0, 0, 2462.341552734375, 594.1031033352774, 0, 0, 0, 1, 0]